% NE_TEST_PARAMETERS - Parameters of New England 39-bus 10-generator Test case
% from Y. Susuki, I. Mezic, T. Hikihara, "Coherent Swing Instability of
% Power Grids", J Nonlinear Sci, 2011

%------------- BEGIN CODE --------------

% initial phase angles at t=0 (generators' order: 10 2 3 4 5 6 7 8 9)
y0 = [ 0.0193 0.1757 0.1998 0.1824 0.3329 0.2016 0.2042 0.1844 0.3145 0 0 0 0 0 0 0 0 0 ]';

% inertia matrix / pi / 60 Hz
H = diag([0.2228 0.1607 0.1899 0.1517 0.1379 0.1846 0.1401 0.1289 0.1830 2.6526]);

% mechanical input power
P = [ 1.2500 2.4943 3.2500 3.1600 2.5400 3.2500 2.8000 2.7000 4.1500 5.0000 ]';

% damping matrix
D = diag([ 0.0050 0.0050 0.0050 0.0050 0.0050 0.0050 0.0050 0.0050 0.0050 0.0050 ]);

% terminal voltages 
E = abs([ 1.0568+0.0204i 0.9974+0.1770i 0.9842+0.1993i 0.9804+0.1809i 1.0855+0.3753i 1.0569+0.2160i 1.0423+0.2158i 0.9742+0.1817i 0.9352+0.3043i 1.0205-0.0431i ])';

% network impedance matrix G+B*i (pre fault)
Y3 = [ 0.7239-15.0009i   0.2080+0.9484i   0.2536+1.2183i   0.2565+1.2209i   0.1033+0.4161i   0.2348+1.0950i   0.1950+0.9237i   0.0670+2.9064i   0.1961+1.5928i   0.6099+4.8881i
       0.2080+0.9484i    0.2519-9.1440i   0.2603+1.8170i   0.1657+0.6891i   0.0655+0.2346i   0.1513+0.6180i   0.1259+0.5214i   0.0916+0.5287i   0.1150+0.4400i   0.4159+2.7502i
       0.2536+1.2183i    0.2603+1.8170i   0.3870-10.9096i  0.2142+0.9763i   0.0857+0.3326i   0.1959+0.8756i   0.1629+0.7386i   0.1144+0.6848i   0.1471+0.5888i   0.4569+2.9961i
       0.2565+1.2209i    0.1657+0.6891i   0.2142+0.9763i   0.8131-12.0737i  0.2843+1.9774i   0.3178+1.7507i   0.2633+1.4766i   0.1608+0.7478i   0.2104+0.8320i   0.3469+1.6513i
       0.1033+0.4161i    0.0655+0.2346i   0.0857+0.3326i   0.2843+1.9774i   0.1964-5.5114i   0.1309+0.5973i   0.1088+0.5038i   0.0645+0.2548i   0.0826+0.2831i   0.1397+0.5628i
       0.2348+1.0950i    0.1513+0.6180i   0.1959+0.8756i   0.3178+1.7507i   0.1309+0.5973i   0.4550-11.1674i  0.3366+3.1985i   0.1471+0.6707i   0.1920+0.7461i   0.3175+1.4810i
       0.1950+0.9237i    0.1259+0.5214i   0.1629+0.7386i   0.2633+1.4766i   0.1088+0.5038i   0.3366+3.1985i   0.4039-9.6140i   0.1223+0.5657i   0.1599+0.6294i   0.2638+1.2493i
       0.0670+2.9064i    0.0916+0.5287i   0.1144+0.6848i   0.1608+0.7478i   0.0645+0.2548i   0.1471+0.6707i   0.1223+0.5657i   0.6650-10.0393i  0.3225+1.2618i   0.0991+2.5318i
       0.1961+1.5928i    0.1150+0.4400i   0.1471+0.5888i   0.2104+0.8320i   0.0826+0.2831i   0.1920+0.7461i   0.1599+0.6294i   0.3225+1.2618i   0.9403-7.5882i   0.2377+1.5792i
       0.6099+4.8881i    0.4159+2.7502i   0.4569+2.9961i   0.3469+1.6513i   0.1397+0.5628i   0.3175+1.4810i   0.2638+1.2493i   0.0991+2.5318i   0.2377+1.5792i   5.9222-18.6157i ];
      
   
% network impedance matrix (fault on)
Y32 = [ 0.5383-15.7638i   0.0901+0.5182i   0.0994+0.6084i   0.0000+0.0000i   0.0000+0.0000i   0.0000+0.0000i   0.0000+0.0000i  -0.0490+2.4392i   0.0472+1.0736i   0.3589+3.8563i
        0.0901+0.5182i    0.1779-9.3864i   0.1628+1.4731i   0.0000+0.0000i   0.0000+0.0000i   0.0000+0.0000i   0.0000+0.0000i   0.0180+0.2653i   0.0219+0.1476i   0.2564+2.1683i
        0.0994+0.6084i    0.1628+1.4731i   0.2591-11.3971i  0.0000+0.0000i   0.0000+0.0000i   0.0000+0.0000i   0.0000+0.0000i   0.0181+0.3113i   0.0241+0.1739i   0.2483+2.1712i
        0.0000+0.0000i    0.0000+0.0000i   0.0000+0.0000i   0.4671-14.0254i  0.1411+1.3115i   0.0000+0.0000i   0.0000+0.0000i   0.0000+0.0000i   0.0000+0.0000i   0.0000+0.0000i
        0.0000+0.0000i    0.0000+0.0000i   0.0000+0.0000i   0.1411+1.3115i   0.1389-5.7383i   0.0000+0.0000i   0.0000+0.0000i   0.0000+0.0000i   0.0000+0.0000i   0.0000+0.0000i
        0.0000+0.0000i    0.0000+0.0000i   0.0000+0.0000i   0.0000+0.0000i   0.0000+0.0000i   0.1633-12.7378i  0.0947+1.8739i   0.0000+0.0000i   0.0000+0.0000i   0.0000+0.0000i
        0.0000+0.0000i    0.0000+0.0000i   0.0000+0.0000i   0.0000+0.0000i   0.0000+0.0000i   0.0947+1.8739i   0.2035-10.7312i  0.0000+0.0000i   0.0000+0.0000i   0.0000+0.0000i
        -0.0490+2.4392i   0.0180+0.2653i   0.0181+0.3113i   0.0000+0.0000i   0.0000+0.0000i   0.0000+0.0000i   0.0000+0.0000i   0.5925-10.3254i  0.2297+0.9440i   -0.0579+1.8999i
        0.0472+1.0736i    0.0219+0.1476i   0.0241+0.1739i   0.0000+0.0000i   0.0000+0.0000i   0.0000+0.0000i   0.0000+0.0000i   0.2297+0.9440i   0.8235-7.9409i   0.0363+0.8770i
        0.3589+3.8563i    0.2564+2.1683i   0.2483+2.1712i   0.0000+0.0000i   0.0000+0.0000i   0.0000+0.0000i   0.0000+0.0000i  -0.0579+1.8999i   0.0363+0.8770i   5.5826-20.0113i ];
      
   
% network impedance matrix (post fault)
Y33 = [ 0.8012-14.3511i  0.2163+0.9784i   0.2559+1.1997i   0.1629+0.5591i   0.0629+0.1900i   0.1483+0.5013i   0.1237+0.4230i   0.1385+3.3322i   0.3015+2.1485i   0.6576+5.3495i
        0.2163+0.9784i   0.2525-9.1427i   0.2603+1.8161i   0.1565+0.6587i   0.0619+0.2243i   0.1429+0.5908i   0.1189+0.4984i   0.0980+0.5482i   0.1239+0.4653i   0.4214+2.7715i
        0.2559+1.1997i   0.2603+1.8161i   0.3868-10.9091i  0.2124+0.9954i   0.0853+0.3392i   0.1943+0.8927i   0.1615+0.7530i   0.1153+0.6724i   0.1479+0.5726i   0.4586+2.9829i
        0.1629+0.5591i   0.1565+0.6587i   0.2124+0.9954i   0.9236-11.4000i  0.3306+2.2074i   0.4194+2.3551i   0.3474+1.9863i   0.0782+0.3146i   0.0903+0.2669i   0.2878+1.1812i
        0.0629+0.1900i   0.0619+0.2243i   0.0853+0.3392i   0.3306+2.2074i   0.2151-5.4330i   0.1734+0.8035i   0.1440+0.6778i   0.0308+0.1071i   0.0343+0.0905i   0.1135+0.4020i
        0.1483+0.5013i   0.1429+0.5908i   0.1943+0.8927i   0.4194+2.3551i   0.1734+0.8035i   0.5485-10.6253i  0.4139+3.6557i   0.0714+0.2821i   0.0820+0.2392i   0.2627+1.0592i
        0.1237+0.4230i   0.1189+0.4984i   0.1615+0.7530i   0.3474+1.9863i   0.1440+0.6778i   0.4139+3.6557i   0.4679-9.2284i   0.0594+0.2380i   0.0685+0.2019i   0.2187+0.8936i
        0.1385+3.3322i   0.0980+0.5482i   0.1153+0.6724i   0.0782+0.3146i   0.0308+0.1071i   0.0714+0.2821i   0.0594+0.2380i   0.7257-9.7609i   0.4096+1.6248i   0.1451+2.8344i
        0.3015+2.1485i   0.1239+0.4653i   0.1479+0.5726i   0.0903+0.2669i   0.0343+0.0905i   0.0820+0.2392i   0.0685+0.2019i   0.4096+1.6248i   1.0644-7.1152i   0.3063+1.9743i
        0.6576+5.3495i   0.4214+2.7715i   0.4586+2.9829i   0.2878+1.1812i   0.1135+0.4020i   0.2627+1.0592i   0.2187+0.8936i   0.1451+2.8344i   0.3063+1.9743i   5.9509-18.2881i ];
   
%------------- END OF CODE --------------
   
   